# name: A
# type: matrix
# rows: 21
# columns: 21
 17 15.1 13.4 11.9 10.6 9.5 8.6 7.9 7.4 7.1 7 7.1 7.4 7.9 8.6 9.5 10.6 11.9 13.4 15.1 17
 15.1 13.2 11.5 10 8.699999999999999 7.6 6.7 6 5.5 5.2 5.1 5.2 5.5 6 6.7 7.6 8.699999999999999 10 11.5 13.2 15.1
 13.4 11.5 9.800000000000001 8.300000000000001 7 5.9 5 4.3 3.8 3.5 3.4 3.5 3.8 4.3 5 5.9 7 8.300000000000001 9.800000000000001 11.5 13.4
 11.9 10 8.300000000000001 6.8 5.5 4.4 3.5 2.8 2.3 2 1.9 2 2.3 2.8 3.5 4.4 5.5 6.8 8.300000000000001 10 11.9
 10.6 8.699999999999999 7 5.5 4.2 3.1 2.2 1.5 1 0.7 0.6 0.7 1 1.5 2.2 3.1 4.2 5.5 7 8.699999999999999 10.6
 9.5 7.6 5.9 4.4 3.1 2 1.1 0.4 -0.1 -0.4 -0.5 -0.4 -0.1 0.4 1.1 2 3.1 4.4 5.9 7.6 9.5
 8.6 6.7 5 3.5 2.2 1.1 0.2 -0.5 -1 -1.3 -1.4 -1.3 -1 -0.5 0.2 1.1 2.2 3.5 5 6.7 8.6
 7.9 6 4.3 2.8 1.5 0.4 -0.5 -1.2 -1.7 -2 -2.1 -2 -1.7 -1.2 -0.5 0.4 1.5 2.8 4.3 6 7.9
 7.4 5.5 3.8 2.3 1 -0.1 -1 -1.7 -2.2 -2.5 -2.6 -2.5 -2.2 -1.7 -1 -0.1 1 2.3 3.8 5.5 7.4
 7.1 5.2 3.5 2 0.7 -0.4 -1.3 -2 -2.5 -2.8 -2.9 -2.8 -2.5 -2 -1.3 -0.4 0.7 2 3.5 5.2 7.1
 7 5.1 3.4 1.9 0.6 -0.5 -1.4 -2.1 -2.6 -2.9 -3 -2.9 -2.6 -2.1 -1.4 -0.5 0.6 1.9 3.4 5.1 7
 7.1 5.2 3.5 2 0.7 -0.4 -1.3 -2 -2.5 -2.8 -2.9 -2.8 -2.5 -2 -1.3 -0.4 0.7 2 3.5 5.2 7.1
 7.4 5.5 3.8 2.3 1 -0.1 -1 -1.7 -2.2 -2.5 -2.6 -2.5 -2.2 -1.7 -1 -0.1 1 2.3 3.8 5.5 7.4
 7.9 6 4.3 2.8 1.5 0.4 -0.5 -1.2 -1.7 -2 -2.1 -2 -1.7 -1.2 -0.5 0.4 1.5 2.8 4.3 6 7.9
 8.6 6.7 5 3.5 2.2 1.1 0.2 -0.5 -1 -1.3 -1.4 -1.3 -1 -0.5 0.2 1.1 2.2 3.5 5 6.7 8.6
 9.5 7.6 5.9 4.4 3.1 2 1.1 0.4 -0.1 -0.4 -0.5 -0.4 -0.1 0.4 1.1 2 3.1 4.4 5.9 7.6 9.5
 10.6 8.699999999999999 7 5.5 4.2 3.1 2.2 1.5 1 0.7 0.6 0.7 1 1.5 2.2 3.1 4.2 5.5 7 8.699999999999999 10.6
 11.9 10 8.300000000000001 6.8 5.5 4.4 3.5 2.8 2.3 2 1.9 2 2.3 2.8 3.5 4.4 5.5 6.8 8.300000000000001 10 11.9
 13.4 11.5 9.800000000000001 8.300000000000001 7 5.9 5 4.3 3.8 3.5 3.4 3.5 3.8 4.3 5 5.9 7 8.300000000000001 9.800000000000001 11.5 13.4
 15.1 13.2 11.5 10 8.699999999999999 7.6 6.7 6 5.5 5.2 5.1 5.2 5.5 6 6.7 7.6 8.699999999999999 10 11.5 13.2 15.1
 17 15.1 13.4 11.9 10.6 9.5 8.6 7.9 7.4 7.1 7 7.1 7.4 7.9 8.6 9.5 10.6 11.9 13.4 15.1 17
