# name: M
# type: matrix
# rows: 10
# columns: 10
 -0.234 0.341 0.176 -0.41 -0.491 0.109 -0.431 -0.118 0.087 -0.221
 -0.395 0.003 -0.197 -0.22 0.245 -0.158 0.112 0.401 0.05 -0.273
 0.131 0.467 -0.252 0.016 -0.424 0.433 -0.297 0.382 -0.405 0.078
 0.06 0.213 -0.292 0.289 -0.34 -0.068 0.491 0.3 0.165 -0.203
 -0.008 0.109 -0.317 0.004 -0.054 -0.335 -0.212 -0.385 0.263 0.057
 0.409 0.445 0.11 0.262 -0.149 0.392 -0.445 -0.174 -0.465 0.246
 -0.467 -0.366 -0.401 0.013 0.48 0.169 0.17 0.436 0.49 0.391
 -0.31 -0.337 0.182 0.061 -0.437 -0.067 0.325 0.462 -0.038 -0.234
 0.248 -0.205 -0.345 -0.251 0.069 -0.367 -0.158 -0.035 -0.042 -0.446
 -0.464 -0.04 0.286 -0.03 0.405 -0.279 -0.129 -0.355 0.119 0.09


